2 100
0.9383 0.0886
0.2777 0.6915
0.7793 0.8335
0.5386 0.0492
0.6649 0.1421
0.2362 0.0027
0.869 0.0059
0.7763 0.3926
0.054 0.3426
0.9172 0.5736
0.5211 0.5368
0.2567 0.6429
0.5782 0.153
0.2862 0.5123
0.4067 0.3135
0.3929 0.9802
0.4022 0.3058
0.3069 0.8167
0.1393 0.8456
0.5011 0.8042
0.6229 0.7373
0.4421 0.4919
0.3784 0.8537
0.5198 0.4324
0.8315 0.437
0.6413 0.3526
0.6091 0.898
0.9956 0.1873
0.6862 0.917
0.6996 0.7281
0.2305 0.0925
0.7084 0.6327
0.0336 0.6505
0.0846 0.1729
0.1313 0.5857
0.6124 0.3895
0.9582 0.0545
0.8814 0.3367
0.5434 0.0364
0.4043 0.375
0.1087 0.6808
0.7276 0.7178
0.5788 0.3584
0.5403 0.2651
0.2754 0.2399
0.9932 0.506
0.9676 0.3368
0.7739 0.0012
0.6226 0.8586
0.8094 0.7539
0.0795 0.057
0.1434 0.0378
0.7467 0.6601
0.0097 0.2902
0.3317 0.0492
0.6652 0.0756
0.7301 0.028
0.4286 0.9441
0.3865 0.9689
0.8444 0.6619
0.844 0.4729
0.8031 0.8117
0.8097 0.5771
0.4481 0.0675
0.0709 0.8927
0.4567 0.7856
0.9497 0.2353
0.4586 0.6965
0.5306 0.4683
0.6219 0.8624
0.1528 0.2871
0.5732 0.8829
0.9503 0.0019
0.827 0.3368
0.9708 0.6715
0.634 0.8149
0.7796 0.0723
0.2618 0.2245
0.2846 0.3451
0.2921 0.3555
0.2379 0.7488
0.7764 0.8228
0.9841 0.235
0.5193 0.15
0.7034 0.7764
0.0124 0.4914
0.6987 0.5856
0.3743 0.6491
0.2227 0.8365
0.9859 0.1936
0.1432 0.2551
0.6437 0.9228
0.3275 0.5407
0.1474 0.6121
0.8858 0.4395
0.6029 0.1237
0.8235 0.3793
0.5818 0.4428
0.6143 0.1011
0.5928 0.9529
